v <- c(1, 2, 3, 4, 5)
x <- c(6, 7, 8, 9, 10)
z <- c(a, b, c, d, e)
